A1 = 0.001946;
A2 = -0.027635;
A3 = 0.136315;
A4 = 0.23849;
A5 = 0.105168;
A6 = 3.44e8;
T = 60 + 460;
P = linespace(100, 5000, 100);
Sg_values = [0.5, 0.6, 0.7, 0.8];
calculate_Z = @(P, Sg, T) ...
    ( P )