A1 = 0.001946;
A2 = -0.027635;
A3 = 0.136315;
A4 = 0.23849;
A5 = 0.105168;
A6 = 3.44*10^8;
